49
47
43
87
35
73
56
54
32
81
37
45
62
50
40
86
78
97
20
84
62
15
95
11
82
45
12
42
80
12
42
50
61
51
69
84
63
86
5
41
65
35
46
58
20
63
8
87
99
92
32
99
7
31
22
46
42
10
72
48
39
89
75
59
99
1
8
53
96
37
78
55
51
86
4
47
2
24
82
65
26
75
1
12
44
99
38
34
96
43
80
35
32
54
72
98
89
55
88
34
5
26
79
21
32
51
7
4
56
30
82
58
31
57
19
20
93
51
49
93
15
36
81
86
62
44
48
54
29
58
9
48
97
31
22
54
37
57
95
58
71
15
36
8
34
3
91
97
84
85
83
14
63
36
46
90
87
88
16
91
95
52
1
1
30
83
55
14
15
78
63
56
83
79
69
26
23
82
49
14
59
29
59
43
12
61
77
68
50
18
80
56
42
23
63
59
2
54
49
70
